Julia McDonald (jmcdona6)
PS06 Task 1

Sorting:
255 31 15 127 511 1023 63 7 2047

Selection Sort:
[255, 31, 15, 127, 511, 1023, 63, 7, 2047] Selection: 7
[7, 31, 15, 127, 511, 1023, 63, 255, 2047] Selection: 15
[7, 15, 31, 127, 511, 1023, 63, 255, 2047] Selection: 31
[7, 15, 31, 127, 511, 1023, 63, 255, 2047] Selection: 63
[7, 15, 31, 63, 511, 1023, 127, 255, 2047] Selection: 127
[7, 15, 31, 63, 127, 1023, 511, 255, 2047] Selection: 255
[7, 15, 31, 63, 127, 255, 511, 1023, 2047] Selection: 511
[7, 15, 31, 63, 127, 255, 511, 1023, 2047] Selection: 1023
[7, 15, 31, 63, 127, 255, 511, 1023, 2047] Selection: 2047

Insertion Sort:
[255, 31, 15, 127, 511, 1023, 63, 7, 2047] Sorted: {255}
[31, 255, 15, 127, 511, 1023, 63, 7, 2047] Sorted: {31, 255}
[15, 31, 255, 127, 511, 1023, 63, 7, 2047] Sorted: {15, 31, 255}
[15, 31, 127, 255, 511, 1023, 63, 7, 2047] Sorted: {15, 31, 127, 255, 511} 
[15, 31, 127, 255, 511, 1023, 63, 7, 2047] Sorted: {15, 31, 127, 255, 511, 1023}
[15, 31, 63, 127, 255, 511, 1023, 7, 2047] Sorted: {15, 31, 63, 127, 255, 511, 1023}
[7, 15, 31, 63, 127, 255, 511, 1023, 2047] Sorted: {7, 15, 31, 63, 127, 255, 511, 1023}
[7, 15, 31, 63, 127, 255, 511, 1023, 2047] Sorted: {7, 15, 31, 63, 127, 255, 511, 1023, 2047}
 1,  2,  3,  4,  5,   6,   7,   8,    9

Quick Sort: (Brackets around a single number indicate that it is in its final position
[255, 31, 15, 127, 511, 1023, 63, 7, 2047] Pivot: 255
[7, 31, 15, 127, 63] [255] [511, 1023, 2047] Pivot: 7
[7] [15, 31, 127, 63] [255] [511, 1023, 2047] Pivot: 31
[7] [15] [31] [127, 63] [255] [511, 1023, 2047] Pivot: 15
[7] [15] [31] [127, 63] [255] [511, 1023, 2047] Pivot: 127
[7] [15] [31] [63] [127] [255] [511, 1023, 2047] Pivot: 63
[7] [15] [31] [63] [127] [255] [511,1023, 2047] Pivot: 511
[7] [15] [31] [63] [127] [255] [511] [1023, 2047] Pivot: 1023
[7] [15] [31] [63] [127] [255] [511] [1023] [2047] Pivot: 2047

Merge Sort:
[255] [31] [15] [127] [511] [1023] [63] [7] [2047]
[31, 255] [15] [127] [511] [1023] [63] [7] [2047]
[15, 31, 255] [127] [511] [1023] [63] [7] [2047]
[15, 31, 255] [127, 511] [1023] [63] [7] [2047]
[15, 31, 127, 255, 511] [1023] [63] [7] [2047]
[15, 31, 127, 255, 511] [63, 1023] [7] [2047]
[15, 31, 127, 255, 511] [63, 1023] [7, 2047]
[15, 31, 127, 255, 511] [7, 63, 1023, 2047]
[7, 15, 31, 63, 127, 255, 511, 1023, 2047]